#MapName
../resource/MapObejct/Phase1.png
#SceneNum
2
#LineCollider
12
0	-1364.000000	-470.000000	1364.000000	-478.000031
0	-1060.000000	-125.999969	-552.000000	-134.000015
0	-785.999939	302.000000	-281.999969	297.999969
0	298.734314	292.000000	806.734375	288.000000
0	440.734314	-154.000046	946.734314	-154.000046
1	-891.697632	-129.999985	-903.697632	-414.000031
1	-689.697571	297.999969	-681.697632	3.999978
1	531.724243	280.000000	527.724182	-7.999956
1	779.374268	-180.000000	781.374207	-386.000031
2	1363.878662	708.000000	1365.878540	-708.000000
2	-1364.280640	704.000000	-1366.280640	-706.000000
1	776.886963	-150.000015	780.886841	-417.999969
#ObjectList
0
#MonsterList
8
../resource/MonsterData/mush.txt
-689.901184	367.999969
../resource/MonsterData/mush.txt
-425.901245	370.000000
../resource/MonsterData/mush.txt
-979.901184	-54.000000
../resource/MonsterData/mush.txt
-653.901245	-59.999989
../resource/MonsterData/mush.txt
390.098724	366.000000
../resource/MonsterData/mush.txt
684.098816	356.000000
../resource/MonsterData/mush.txt
508.098816	-87.999969
../resource/MonsterData/mush.txt
804.098816	-70.000000
#PotalList
1
../resource/MapObejct/potal.png
1	1	-1199.901245	-227.999969	8	1	8	0.180000
